37,1
37,0
36,4
36,3
36,2
36,1
36,0
35,4
35,3
35,2
35,1
35,0
34,4
34,3
34,2
34,1
34,0
33,4
33,3
33,2
33,1
33,0
32,4
32,3
32,2
32,1
32,0
31,5
31,4
31,3
31,2
31,1
31,0
30,5
30,4
30,3
30,2
30,1
30,0
29,5
29,4
29,3
29,2
29,1
29,0
28,3
28,2
28,1
28,0
27,5
27,4
27,3
27,2
27,1
27,0
26,4
26,3
26,2
26,1
26,0
25,3
25,2
25,1
25,0
24,3
24,2
24,1
24,0
23,7
23,6
23,5
23,4
23,3
23,2
23,1
23,0
22,5
22,4
22,3
22,2
22,1
22,0
21,5
21,4
21,3
21,2
21,1
21,0
20,5
20,4
20,3
20,2
20,1
20,0
19,3
19,2
19,1
19,0
18,4
18,3
18,2
18,1
18,0
17,5
17,4
17,3
17,2
17,1
17,0
16,5
16,4
16,3
16,2
16,1
16,0
15,6
15,5
15,4
15,3
15,2
15,1
15,0
14,4
14,3
14,2
14,1
14,0
13,2
13,1
13,0
12,5
12,4
12,3
12,2
12,1
12,0
11,6
11,5
11,4
11,3
11,2
11,1
11,0
10,8
10,7
10,6
10,5
10,4
10,3
10,2
10,1
10,0
9,5
9,4
9,3
9,2
9,1
9,0
8,6
8,5
8,4
8,3
8,2
8,1
8,0
7,4
7,3
7,2
7,1
7,0
6,4
6,3
6,2
6,1
6,0
5,4
5,3
5,2
5,1
5,0
4,3
2,34
2,33
2,32
2,30
2,29
2,28
2,27
2,26
2,25
2,24
2,23
2,22
2,21
2,20
2,19
2,18
2,17
2,16
2,15
2,14
2,13
2,12
2,11
2,10
2,9
2,8
2,7
2,6
2,5
2,4
2,3
2,2
2,1
2,0
0,347
0,342
0,341
0,334
0,331
0,320
0,9
37,2
37,3
38,0
38,1
38,3
38,4
39,1
39,3
39,4
40,1
40,2
40,4
41,1
41,2
41,4
42,0
42,2
42,3
43,0
43,2
43,3
44,0
44,1
44,3
45,0
45,1
45,3
45,4
45,6
46,0
46,2
46,4
47,0
47,2
47,3
48,0
48,2
48,3
48,5
48,6
49,0
49,1
49,3
49,5
49,6
50,0
50,1
50,3
51,0
51,1
51,3
51,4
52,1
52,3
52,4
53,1
53,2
53,4
53,5
54,0
54,2
54,3
55,0
55,1
55,3
56,0
56,1
56,3
56,4
57,0
57,1
57,3
57,5
58,0
58,2
58,3
59,0
59,2
59,3
60,0
60,1
60,3
60,4
61,1
61,3
61,4
62,0
62,1
62,3
62,5
62,6
63,1
63,2
63,4
63,6
64,0
64,2
64,3
65,0
65,1
65,3
66,0
66,1
66,3
67,0
67,2
67,4
67,5
68,0
68,1
68,3
69,0
69,2
69,4
70,0
70,2
70,3
71,0
71,2
71,3
71,5
72,0
72,2
72,3
73,0
73,2
73,3
74,0
74,1
74,3
75,0
75,1
75,3
75,4
76,1
76,2
76,4
77,1
77,2
77,4
78,0
78,2
78,4
79,0
79,2
79,3
80,0
80,2
80,3
81,0
81,1
81,3
81,4
82,0
82,2
82,3
82,5
83,0
83,2
83,4
84,0
84,2
84,3
85,0
85,1
85,3
86,0
86,1
86,3
86,4
87,0
87,2
87,3
87,5
87,6
88,1
88,2
88,4
89,1
89,2
89,4
89,5
90,1
90,3
90,4
91,0
91,1
91,3
92,1
92,2
93,0
93,1
93,3
93,4
94,1
94,3
95,0
95,2
95,3
96,0
96,2
96,3
96,5
96,6
97,1
97,2
97,4
98,1
98,2
98,4
99,0
99,2
99,4
99,5
100,1
100,2
100,4
101,0
101,2
101,4
102,0
102,2
102,3
103,0
103,2
103,3
103,5
104,0
104,2
104,3
105,1
105,3
105,4
106,1
106,2
107,0
107,2
107,3
108,0
108,1
108,3
108,5
108,6
108,8
109,0
109,2
109,3
109,5
110,1
110,2
110,4
111,0
111,2
111,4
111,5
112,1
112,2
113,0
113,1
113,3
113,5
114,0
114,2
114,3
115,0
115,2
115,3
115,5
116,0
116,2
116,3
117,0
117,2
117,3
117,5
117,6
118,1
118,3
118,4
119,0
119,1
119,3
120,0
120,1
120,3
120,4
121,1
121,2
122,0
122,2
122,3
122,5
123,0
123,2
123,4
123,5
123,7
123,8
124,1
124,2
124,4
125,0
125,1
125,3
125,4
126,1
126,3
126,4
127,1
127,2
127,4
127,5
127,7
128,0
128,1
128,3
129,0
129,2
129,4
129,5
130,1
130,2
130,4
130,6
131,0
131,2
131,3
131,5
132,0
132,2
132,4
132,5
133,0
133,1
133,3
133,5
133,6
134,0
134,1
134,3
134,4
135,1
135,3
135,4
136,1
136,2
136,4
137,1
137,2
137,4
137,5
138,1
138,2
138,4
139,0
139,1
139,3
139,4
139,6
139,8
139,9
140,0
140,1
140,3
140,4
141,0
141,2
141,3
141,5
141,6
142,0
142,2
142,3
142,5
142,6
143,0
143,2
143,3
143,5
144,0
144,2
144,3
144,5
145,1
145,2
145,4
145,5
146,1
146,3
146,4
147,0
147,1
147,3
147,4
148,1
148,3
148,4
149,1
149,2
149,4
150,0
150,1
150,3
150,4
151,1
151,2
151,4
152,1
152,2
152,4
153,0
153,2
153,4
153,5
154,1
154,2
154,4
155,1
155,2
155,4
155,5
155,7
156,0
156,2
156,4
156,5
156,7
156,8
157,1
157,3
157,4
157,6
157,7
157,9
158,0
158,2
158,4
159,0
159,2
159,3
159,5
160,1
160,2
160,4
161,0
161,2
161,3
161,5
161,7
161,8
161,10
162,0
162,2
162,4
162,5
163,1
163,2
163,4
163,5
164,0
164,2
164,3
164,5
164,6
165,1
165,3
165,4
166,0
166,1
166,3
166,5
167,0
167,2
167,3
167,5
167,6
168,1
168,3
168,4
168,6
168,7
168,9
169,1
169,2
169,4
169,5
170,1
170,2
170,4
171,0
171,1
171,3
171,4
171,6
172,1
172,2
172,4
172,5
172,7
172,8
173,1
173,3
173,4
174,1
174,2
174,4
175,1
175,2
175,4
175,5
176,0
176,2
176,3
176,5
176,6
177,0
177,1
177,3
178,0
178,1
178,3
178,4
178,6
179,1
179,2
179,4
179,5
180,0
180,1
180,3
180,5
181,0
181,2
181,3
181,5
182,1
182,2
182,4
182,5
183,1
183,2
183,4
184,0
184,1
184,3
184,4
184,6
184,8
185,0
185,2
185,3
185,5
185,6
186,1
186,3
186,4
187,0
187,1
187,3
187,5
188,0
188,2
188,3
189,0
189,2
189,3
189,5
190,0
190,2
190,3
190,5
190,4
190,1
189,4
189,1
188,4
188,1
187,4
187,2
186,5
186,2
186,0
185,4
185,1
184,7
184,5
184,2
183,5
183,3
183,0
182,3
182,0
181,4
181,1
180,4
180,2
179,6
179,3
179,0
178,5
178,2
177,4
177,2
176,7
176,4
176,1
175,6
175,3
175,0
174,3
174,0
173,2
173,0
172,6
172,3
172,0
171,5
171,2
170,5
170,3
170,0
169,3
169,0
168,8
168,5
168,2
168,0
167,4
167,1
166,4
166,2
165,5
165,2
165,0
164,4
164,1
163,6
163,3
163,0
162,3
162,1
161,9
161,6
161,4
161,1
160,3
160,0
159,4
159,1
158,3
158,1
157,8
157,5
157,2
157,0
156,6
156,3
156,1
155,6
155,3
155,0
154,3
154,0
153,3
153,1
152,3
152,0
151,3
151,0
150,2
149,5
149,3
149,0
148,2
148,0
147,2
146,5
146,2
146,0
145,3
145,0
144,4
144,1
143,4
143,1
142,7
142,4
142,1
141,7
141,4
141,1
140,5
140,2
139,10
139,7
139,5
139,2
138,5
138,3
138,0
137,3
137,0
136,3
136,0
135,2
135,0
134,2
133,7
133,4
133,2
132,6
132,3
132,1
131,4
131,1
130,5
130,3
130,0
129,3
129,1
128,2
127,8
127,6
127,3
127,0
126,2
126,0
125,2
124,5
124,3
124,0
123,6
123,3
123,1
122,4
122,1
121,3
121,0
120,2
119,4
119,2
118,5
118,2
118,0
117,4
117,1
116,4
116,1
115,4
115,1
114,4
114,1
113,4
113,2
112,3
112,0
111,3
111,1
110,3
110,0
109,4
109,1
108,7
108,4
108,2
107,4
107,1
106,3
106,0
105,2
105,0
104,1
103,4
103,1
102,4
102,1
101,3
101,1
100,3
100,0
99,3
99,1
98,3
98,0
97,3
97,0
96,4
96,1
95,4
95,1
94,2
94,0
93,2
92,3
92,0
91,2
90,5
90,2
90,0
89,3
89,0
88,3
88,0
87,4
87,1
86,5
86,2
85,4
85,2
84,4
84,1
83,3
83,1
82,4
82,1
81,5
81,2
80,4
80,1
79,4
79,1
78,3
78,1
77,3
77,0
76,3
76,0
75,2
74,4
74,2
73,4
73,1
72,4
72,1
71,4
71,1
70,4
70,1
69,3
69,1
68,2
67,6
67,3
67,1
66,2
65,4
65,2
64,4
64,1
63,5
63,3
63,0
62,4
62,2
61,5
61,2
61,0
60,2
59,4
59,1
58,4
58,1
57,4
57,2
56,5
56,2
55,4
55,2
54,4
54,1
53,6
53,3
53,0
52,2
52,0
51,2
50,4
50,2
49,7
49,4
49,2
48,7
48,4
48,1
47,4
47,1
46,3
46,1
45,5
45,2
44,4
44,2
43,4
43,1
42,4
42,1
41,3
41,0
40,3
40,0
39,2
39,0
38,2
37,4
0,349
0,348
0,323
0,325
13,4
13,3
2,31
1,3
0,243
0,1
0,300
0,299
0,298
0,297
0,296
0,295
0,294
0,293
0,292
0,291
0,290
0,289
0,288
0,287
0,286
0,285
0,284
0,283
0,282
0,281
0,280
0,279
0,278
0,277
0,276
0,275
0,274
0,273
0,272
0,271
0,270
0,269
0,268
0,267
0,266
0,265
0,264
0,263
0,262
0,261
0,260
0,259
0,258
0,257
0,256
0,255
0,254
0,253
0,252
0,251
0,250
0,249
0,248
0,247
0,246
0,245
0,244
0,242
0,241
0,240
0,239
0,238
0,237
0,236
0,235
0,234
0,233
0,232
0,231
0,230
0,229
0,228
0,227
0,226
0,225
0,224
0,223
0,222
0,221
0,220
0,219
0,218
0,217
0,216
0,215
0,214
0,213
0,212
0,211
0,210
0,209
0,208
0,207
0,206
0,205
0,204
0,203
0,202
0,201
0,200
0,199
0,198
0,197
0,196
0,195
0,194
0,193
0,192
0,63
0,62
0,61
0,60
0,59
0,58
0,57
0,56
0,55
0,54
0,53
0,52
0,51
0,50
0,49
0,48
0,47
0,46
0,45
0,6
0,0
0,5
0,304
0,303
0,306
0,305
0,302
0,330
0,12
0,319
0,10
0,324
0,8
0,322
0,11
0,2
0,4
0,3
0,7
